accuracy: 0.7079326923076923
f1: 0.7527975584944049
precision: 0.7020872865275142
recall: 0.8114035087719298
roc_auc: 0.7907538960432998
